   0.000000000000000    0.000000000000000
   1.000000000000000    0.000000000000000
   2.000000000000000    0.003785716078710
   3.000000000000000   -0.005124689410877
   4.000000000000000    0.035040297574596
   5.000000000000000    0.160195065400330
   6.000000000000000    0.406613466489944
   7.000000000000000    0.812350620250072
   8.000000000000000    1.420225459703943
   9.000000000000000    2.266234420923865
  10.000000000000000    3.371361832832918
  11.000000000000000    4.744602830451186
  12.000000000000000    6.378380515889148
  13.000000000000000    8.255479774808919
  14.000000000000000   10.350611704299808
  15.000000000000000   12.626723634275550
  16.000000000000000   15.051941219018772
  17.000000000000000   17.596347134091047
  18.000000000000000   20.226389593735803
  19.000000000000000   22.915162561850593
  20.000000000000000   25.635704772284953
  21.000000000000000   28.367891659563611
  22.000000000000000   31.099017689375614
  23.000000000000000   33.810640631967544
  24.000000000000000   36.492801361251622
  25.000000000000000   39.139807055198617
  26.000000000000000   41.742737105480046
  27.000000000000000   44.296631806217192
  28.000000000000000   46.803197554501821
  29.000000000000000   49.261356632589013
  30.000000000000000   51.663822662922030
  31.000000000000000   54.018569105763163
  32.000000000000000   56.325495704542845
  33.000000000000000   58.582864623102068
  34.000000000000000   60.802303107819171
  35.000000000000000   62.975095074198180
  36.000000000000000   65.101589407684514
  37.000000000000000   67.203081073512294
  38.000000000000000   69.271196837224124
  39.000000000000000   71.299036462914955
  40.000000000000000   73.302265745296609
  41.000000000000000   75.280249528401328
  42.000000000000000   77.235722138902929
  43.000000000000000   79.171165229068720
  44.000000000000000   81.085221610919689
  45.000000000000000   82.980909920461272
  46.000000000000000   84.862320496613393
  47.000000000000000   86.734808362096373
  48.000000000000000   88.594134727958590
  49.000000000000000   90.435252924537053
  50.000000000000000   92.267699346666632
  51.000000000000000   94.096484137335210
  52.000000000000000   95.916804821259575
  53.000000000000000   97.729796211533539
  54.000000000000000   99.534248793395818
  55.000000000000000  101.333257625228725
  56.000000000000000  103.123457325884374
  57.000000000000000  104.914730507956847
  58.000000000000000  106.702941126728547
  59.000000000000000  108.474234729947057
  60.000000000000000  110.241521851276048
  61.000000000000000  112.007162792695453
  62.000000000000000  113.780399676921661
  63.000000000000000  115.538644881515211
  64.000000000000000  117.274474739562720
  65.000000000000000  119.018991958182596
  66.000000000000000  120.766372157857404
  67.000000000000000  122.503235432042857
  68.000000000000000  124.226840881252429
  69.000000000000000  125.950160969343415
  70.000000000000000  127.661440247975406
  71.000000000000000  129.361434182937955
  72.000000000000000  131.066783803427825
  73.000000000000000  132.762669329786149
  74.000000000000000  134.444403814326506
  75.000000000000000  136.118951813114109
  76.000000000000000  137.789296516435570
  77.000000000000000  139.448418322175712
  78.000000000000000  141.101347262978379
  79.000000000000000  142.747576381425461
  80.000000000000000  144.373226584866643
  81.000000000000000  145.992549747399607
  82.000000000000000  147.625546313909581
  83.000000000000000  149.240027097683196
  84.000000000000000  150.827012325331452
  85.000000000000000  152.413426529765275
  86.000000000000000  153.996568571783428
  87.000000000000000  155.563399302569451
  88.000000000000000  157.117110996012343
  89.000000000000000  158.676769295314443
  90.000000000000000  160.226163771767460
  91.000000000000000  161.753510583763273
  92.000000000000000  163.268855006797821
  93.000000000000000  164.783060320092773
  94.000000000000000  166.297520103376883
  95.000000000000000  167.789793262436433
  96.000000000000000  169.273299623513594
  97.000000000000000  170.752480857729097
  98.000000000000000  172.214800129513605
  99.000000000000000  173.682845115821692
 100.000000000000000  175.134810702002142
 101.000000000000000  176.569025979093567
 102.000000000000000  178.014907434408087
 103.000000000000000  179.437283234386996
 104.000000000000000  180.844137550186133
 105.000000000000000  182.261965479428909
 106.000000000000000  183.669780637748772
 107.000000000000000  185.057690161153005
 108.000000000000000  186.440506977145560
 109.000000000000000  187.834293285381136
 110.000000000000000  189.205760673321493
 111.000000000000000  190.555360649141221
 112.000000000000000  191.919137327466160
 113.000000000000000  193.274594187449111
 114.000000000000000  194.619995752742398
 115.000000000000000  195.967064304240921
 116.000000000000000  197.298311053353245
 117.000000000000000  198.621650006600248
 118.000000000000000  199.942319497255085
 119.000000000000000  201.251453960398067
 120.000000000000000  202.566297149896855
 121.000000000000000  203.880666390545230
 122.000000000000000  205.175418824081135
 123.000000000000000  206.465485028584226
 124.000000000000000  207.760048917829408
 125.000000000000000  209.047939189076715
 126.000000000000000  210.318506023897498
 127.000000000000000  211.598279331810772
 128.000000000000000  212.876813464798033
 129.000000000000000  214.141521591158380
 130.000000000000000  215.407987901635352
 131.000000000000000  216.655491744924802
 132.000000000000000  217.909835209531593
 133.000000000000000  219.178324175147281
 134.000000000000000  220.436411930844770
 135.000000000000000  221.667440768378583
 136.000000000000000  222.900273266248405
 137.000000000000000  224.152412002436904
 138.000000000000000  225.378736204613233
 139.000000000000000  226.616454831473675
 140.000000000000000  227.853136048652232
 141.000000000000000  229.070605603199510
 142.000000000000000  230.308512675335805
 143.000000000000000  231.526535072916886
 144.000000000000000  232.732568390259985
 145.000000000000000  233.956189436394197
 146.000000000000000  235.176345468818909
 147.000000000000000  236.383381958465179
 148.000000000000000  237.588902262228657
 149.000000000000000  238.807212102998164
 150.000000000000000  240.014304556279967
 151.000000000000000  241.217504970056325
 152.000000000000000  242.416341973905219
 153.000000000000000  243.608675624760508
 154.000000000000000  244.813719870493514
 155.000000000000000  246.014014645934367
 156.000000000000000  247.205311001453083
 157.000000000000000  248.389710144932906
 158.000000000000000  249.588800744480977
 159.000000000000000  250.778133981395513
 160.000000000000000  251.955801513395272
 161.000000000000000  253.160182086929126
 162.000000000000000  254.336154470918700
 163.000000000000000  255.507200971853308
 164.000000000000000  256.617233794837375
 165.000000000000000  257.781502377638390
 166.000000000000000  259.130768527873443
 167.000000000000000  260.327854284325440
 168.000000000000000  261.406102435779758
 169.000000000000000  262.574162346827507
 170.000000000000000  263.761035792667826
 171.000000000000000  264.930912813761097
 172.000000000000000  266.096326584258350
 173.000000000000000  267.268928478159069
 174.000000000000000  268.436618054351129
 175.000000000000000  269.597076964964799
 176.000000000000000  270.758295361127239
 177.000000000000000  271.931134291939088
 178.000000000000000  273.093523417643155
 179.000000000000000  274.244667874449078
 180.000000000000000  275.410221935017034
 181.000000000000000  276.573355792173970
 182.000000000000000  277.728812148830912
 183.000000000000000  278.878432186509599
 184.000000000000000  280.032162009942112
 185.000000000000000  281.196139813237096
 186.000000000000000  282.343993520837103
 187.000000000000000  283.490828291240177
 188.000000000000000  284.642662360696704
 189.000000000000000  285.790826443688275
 190.000000000000000  286.934084653548780
 191.000000000000000  288.087716395173629
 192.000000000000000  289.242123001953587
 193.000000000000000  290.371016245251667
 194.000000000000000  291.517058457313397
 195.000000000000000  292.662836866729776
 196.000000000000000  293.786587268157746
 197.000000000000000  294.940975290563074
 198.000000000000000  296.091022598506243
 199.000000000000000  297.210793247119000
 200.000000000000000  298.346839029545663
 201.000000000000000  299.491177242769481
 202.000000000000000  300.621896553813713
 203.000000000000000  301.752208289599366
 204.000000000000000  302.884252172501874
 205.000000000000000  304.015061259615322
 206.000000000000000  305.147393705861759
 207.000000000000000  306.279413768188533
 208.000000000000000  307.404592481208965
 209.000000000000000  308.528327251278824
 210.000000000000000  309.654755069386738
 211.000000000000000  310.786844568097877
 212.000000000000000  311.919608908487135
 213.000000000000000  313.028895149203890
 214.000000000000000  314.150264212454204
 215.000000000000000  315.283214114715520
 216.000000000000000  316.401273720664904
 217.000000000000000  317.524908545430662
 218.000000000000000  318.639353733058670
 219.000000000000000  319.761445003532572
 220.000000000000000  320.897209142713109
 221.000000000000000  322.011192881625902
 222.000000000000000  323.119154448620975
 223.000000000000000  324.242655006986752
 224.000000000000000  325.366584219038486
 225.000000000000000  326.483681695572159
 226.000000000000000  327.603120600200782
 227.000000000000000  328.720838977955282
 228.000000000000000  329.452022273268085
 229.000000000000000  330.548068686446641
 230.000000000000000  332.434287546384439
 231.000000000000000  333.581137894158019
 232.000000000000000  334.316736418608343
 233.000000000000000  335.435894407644810
 234.000000000000000  336.570246548515570
 235.000000000000000  337.695158787337277
 236.000000000000000  338.805971705936827
 237.000000000000000  339.935964039075770
 238.000000000000000  341.070953288020974
 239.000000000000000  342.193437041965808
 240.000000000000000  343.328103476087563
 241.000000000000000  344.468770815728931
 242.000000000000000  345.598387661928427
 243.000000000000000  346.716946232667397
 244.000000000000000  347.859423197616707
 245.000000000000000  349.028064496542356
 246.000000000000000  350.175171634731669
 247.000000000000000  351.303178069279966
 248.000000000000000  352.448882561468054
 249.000000000000000  353.620187049027663
 250.000000000000000  354.781221015400661
 251.000000000000000  355.931750640322207
 252.000000000000000  357.107320677132520
 253.000000000000000  358.284478267281884
 254.000000000000000  359.455830265087570
 255.000000000000000  360.643081946200255
 256.000000000000000  361.839247530791909
 257.000000000000000  363.033337046617817
 258.000000000000000  364.235457591614249
 259.000000000000000  365.449125164357611
 260.000000000000000  366.665219852657174
 261.000000000000000  367.891609453383353
 262.000000000000000  369.140203594462946
 263.000000000000000  370.393458945582097
 264.000000000000000  371.635603933609673
 265.000000000000000  372.899206582114857
 266.000000000000000  374.187954697936220
 267.000000000000000  375.471230302020558
 268.000000000000000  376.766425131667347
 269.000000000000000  378.096503623786703
 270.000000000000000  379.450791993076564
 271.000000000000000  380.790032035080003
 272.000000000000000  382.140550609736238
 273.000000000000000  383.536304725163063
 274.000000000000000  384.002880698051740
 275.000000000000000  385.356196612201529
 276.000000000000000  388.618518938164925
 277.000000000000000  390.158668504227535
 278.000000000000000  390.752066368728265
 279.000000000000000  392.249467232701136
 280.000000000000000  393.814293938194169
 281.000000000000000  395.381142157257273
 282.000000000000000  396.980939237055281
 283.000000000000000  398.649961829800304
 284.000000000000000  400.319710414441943
 285.000000000000000  402.010157147278733
 286.000000000000000  403.765465412958292
 287.000000000000000  405.570859199940969
 288.000000000000000  407.425224923703354
 289.000000000000000  409.319673799795055
 290.000000000000000  411.266892733456189
 291.000000000000000  413.281032658138429
 292.000000000000000  415.360386959364405
 293.000000000000000  417.476320888607006
 294.000000000000000  419.658554408724740
 295.000000000000000  421.979176317327074
 296.000000000000000  424.362169571570121
 297.000000000000000  426.789760549094353
 298.000000000000000  429.340814731487626
 299.000000000000000  431.997300017068483
 300.000000000000000  434.766265243706584
 301.000000000000000  437.679286023334498
 302.000000000000000  440.696759411530365
 303.000000000000000  442.470817876075671
 304.000000000000000  445.696673052007100
 305.000000000000000  451.845983130351669
 306.000000000000000  455.611002862755413
