   0.000000000000000    0.000000000000000
   1.000000000000000    0.000000000000000
   2.000000000000000    0.000000000000000
   3.000000000000000    0.000000000000000
   4.000000000000000   -0.000012440684989
   5.000000000000000   -0.000011711451009
   6.000000000000000   -0.000012865575938
   7.000000000000000   -0.000016535851372
   8.000000000000000   -0.000023183570394
   9.000000000000000   -0.000033046000615
  10.000000000000000   -0.000046124219573
  11.000000000000000   -0.000062214261585
  12.000000000000000   -0.000080962696763
  13.000000000000000   -0.000101927534662
  14.000000000000000   -0.000124631669069
  15.000000000000000   -0.000148603197717
  16.000000000000000   -0.000173402427777
  17.000000000000000   -0.000198637050361
  18.000000000000000   -0.000223968785970
  19.000000000000000   -0.000249114008060
  20.000000000000000   -0.000273840749687
  21.000000000000000   -0.000297963584432
  22.000000000000000   -0.000321337944497
  23.000000000000000   -0.000343853734091
  24.000000000000000   -0.000365429973151
  25.000000000000000   -0.000386009363349
  26.000000000000000   -0.000405553815590
  27.000000000000000   -0.000424040564289
  28.000000000000000   -0.000441458863817
  29.000000000000000   -0.000457807329686
  30.000000000000000   -0.000473091524834
  31.000000000000000   -0.000487322549392
  32.000000000000000   -0.000500515364834
  33.000000000000000   -0.000512687634875
  34.000000000000000   -0.000523859312898
  35.000000000000000   -0.000534051372195
  36.000000000000000   -0.000543285923105
  37.000000000000000   -0.000551585687452
  38.000000000000000   -0.000558973628281
  39.000000000000000   -0.000565472702894
  40.000000000000000   -0.000571106417016
  41.000000000000000   -0.000575897804921
  42.000000000000000   -0.000579870327663
  43.000000000000000   -0.000583047054335
  44.000000000000000   -0.000585451256577
  45.000000000000000   -0.000587106080134
  46.000000000000000   -0.000588034711912
  47.000000000000000   -0.000588260267770
  48.000000000000000   -0.000587805851710
  49.000000000000000   -0.000586694450616
  50.000000000000000   -0.000584949095744
  51.000000000000000   -0.000582592871195
  52.000000000000000   -0.000579648448594
  53.000000000000000   -0.000576138733767
  54.000000000000000   -0.000572086101195
  55.000000000000000   -0.000567513146395
  56.000000000000000   -0.000562441977691
  57.000000000000000   -0.000556894596566
  58.000000000000000   -0.000550892751920
  59.000000000000000   -0.000544457538454
  60.000000000000000   -0.000537610342332
  61.000000000000000   -0.000530371569052
  62.000000000000000   -0.000522761742508
  63.000000000000000   -0.000514800466347
  64.000000000000000   -0.000506506998207
  65.000000000000000   -0.000497900626864
  66.000000000000000   -0.000488999515318
  67.000000000000000   -0.000479821682621
  68.000000000000000   -0.000470384312087
  69.000000000000000   -0.000460704432974
  70.000000000000000   -0.000450798137907
  71.000000000000000   -0.000440681239443
  72.000000000000000   -0.000430369094364
  73.000000000000000   -0.000419876025298
  74.000000000000000   -0.000409216291514
  75.000000000000000   -0.000398403208704
  76.000000000000000   -0.000387449947381
  77.000000000000000   -0.000376368638894
  78.000000000000000   -0.000365171365283
  79.000000000000000   -0.000353869237744
  80.000000000000000   -0.000342473184665
  81.000000000000000   -0.000330993336923
  82.000000000000000   -0.000319439770561
  83.000000000000000   -0.000307821446444
  84.000000000000000   -0.000296147109396
  85.000000000000000   -0.000284425264981
  86.000000000000000   -0.000272663738120
  87.000000000000000   -0.000260869960792
  88.000000000000000   -0.000249050868905
  89.000000000000000   -0.000237213300625
  90.000000000000000   -0.000225363244414
  91.000000000000000   -0.000213506504173
  92.000000000000000   -0.000201648621482
  93.000000000000000   -0.000189794683480
  94.000000000000000   -0.000177949560286
  95.000000000000000   -0.000166117508142
  96.000000000000000   -0.000154302707039
  97.000000000000000   -0.000142509160916
  98.000000000000000   -0.000130740181669
  99.000000000000000   -0.000118999289817
 100.000000000000000   -0.000107289353755
 101.000000000000000   -0.000095613105710
 102.000000000000000   -0.000083973349461
 103.000000000000000   -0.000072372165131
 104.000000000000000   -0.000060811734779
 105.000000000000000   -0.000049294132174
 106.000000000000000   -0.000037820957711
 107.000000000000000   -0.000026393797766
 108.000000000000000   -0.000015013975554
 109.000000000000000   -0.000003682962076
 110.000000000000000    0.000007598434774
 111.000000000000000    0.000018829214021
 112.000000000000000    0.000030008392914
 113.000000000000000    0.000041135391848
 114.000000000000000    0.000052209667112
 115.000000000000000    0.000063230645599
 116.000000000000000    0.000074198125713
 117.000000000000000    0.000085111727637
 118.000000000000000    0.000095971344241
 119.000000000000000    0.000106776835637
 120.000000000000000    0.000117528141528
 121.000000000000000    0.000128225286500
 122.000000000000000    0.000138868608498
 123.000000000000000    0.000149458054504
 124.000000000000000    0.000159994063135
 125.000000000000000    0.000170476723536
 126.000000000000000    0.000180906607791
 127.000000000000000    0.000191283885734
 128.000000000000000    0.000201609087349
 129.000000000000000    0.000211882783490
 130.000000000000000    0.000222105221220
 131.000000000000000    0.000232277285401
 132.000000000000000    0.000242399215314
 133.000000000000000    0.000252471686150
 134.000000000000000    0.000262495420766
 135.000000000000000    0.000272471038298
 136.000000000000000    0.000282399283315
 137.000000000000000    0.000292280466311
 138.000000000000000    0.000302115731184
 139.000000000000000    0.000311905402160
 140.000000000000000    0.000321650361301
 141.000000000000000    0.000331351512274
 142.000000000000000    0.000341009189368
 143.000000000000000    0.000350624519653
 144.000000000000000    0.000360198063250
 145.000000000000000    0.000369730551183
 146.000000000000000    0.000379222831450
 147.000000000000000    0.000388675572579
 148.000000000000000    0.000398089658874
 149.000000000000000    0.000407465694107
 150.000000000000000    0.000416804601136
 151.000000000000000    0.000426107096706
 152.000000000000000    0.000435373900656
 153.000000000000000    0.000444605926557
 154.000000000000000    0.000453803681691
 155.000000000000000    0.000462968172098
 156.000000000000000    0.000472099997507
 157.000000000000000    0.000481200093259
 158.000000000000000    0.000490269014793
 159.000000000000000    0.000499307588359
 160.000000000000000    0.000508316661472
 161.000000000000000    0.000517296813484
 162.000000000000000    0.000526248930775
 163.000000000000000    0.000535173755391
 164.000000000000000    0.000544071801660
 165.000000000000000    0.000552944128204
 166.000000000000000    0.000561790132059
 167.000000000000000    0.000570612743822
 168.000000000000000    0.000579411675959
 169.000000000000000    0.000588187660511
 170.000000000000000    0.000596941258215
 171.000000000000000    0.000605673386953
 172.000000000000000    0.000614384652136
 173.000000000000000    0.000623075796703
 174.000000000000000    0.000631747498900
 175.000000000000000    0.000640400490260
 176.000000000000000    0.000649035449068
 177.000000000000000    0.000657653028203
 178.000000000000000    0.000666254001440
 179.000000000000000    0.000674839060451
 180.000000000000000    0.000683408795085
 181.000000000000000    0.000691963984010
 182.000000000000000    0.000700505335449
 183.000000000000000    0.000709033464656
 184.000000000000000    0.000717549129371
 185.000000000000000    0.000726052901977
 186.000000000000000    0.000734545685225
 187.000000000000000    0.000743027933801
 188.000000000000000    0.000751500507384
 189.000000000000000    0.000759963987191
 190.000000000000000    0.000768419134423
 191.000000000000000    0.000776866585777
 192.000000000000000    0.000785307109784
 193.000000000000000    0.000793741393002
 194.000000000000000    0.000802170068892
 195.000000000000000    0.000810593868922
 196.000000000000000    0.000819013620116
 197.000000000000000    0.000827429811365
 198.000000000000000    0.000835843317401
 199.000000000000000    0.000844254870720
 200.000000000000000    0.000852665148566
 201.000000000000000    0.000861074850787
 202.000000000000000    0.000869484806030
 203.000000000000000    0.000877895688238
 204.000000000000000    0.000886308266870
 205.000000000000000    0.000894723311028
 206.000000000000000    0.000903141606845
 207.000000000000000    0.000911563884248
 208.000000000000000    0.000919990963605
 209.000000000000000    0.000928423668683
 210.000000000000000    0.000936862723871
 211.000000000000000    0.000945309007169
 212.000000000000000    0.000953763299608
 213.000000000000000    0.000962226514093
 214.000000000000000    0.000970699436722
 215.000000000000000    0.000979182919994
 216.000000000000000    0.000987677907752
 217.000000000000000    0.000996185243455
 218.000000000000000    0.001004705812761
 219.000000000000000    0.001013240605333
 220.000000000000000    0.001021790462198
 221.000000000000000    0.001030356423820
 222.000000000000000    0.001038939429298
 223.000000000000000    0.001047540472429
 224.000000000000000    0.001056160541216
 225.000000000000000    0.001064800680024
 226.000000000000000    0.001073461927863
 227.000000000000000    0.001082145379478
 228.000000000000000    0.001090852075323
 229.000000000000000    0.001099583195952
 230.000000000000000    0.001108337464354
 231.000000000000000    0.001117120715178
 232.000000000000000    0.001125931842672
 233.000000000000000    0.001134772069214
 234.000000000000000    0.001143642620729
 235.000000000000000    0.001152544830097
 236.000000000000000    0.001161479994854
 237.000000000000000    0.001170449395937
 238.000000000000000    0.001179454468156
 239.000000000000000    0.001188496575504
 240.000000000000000    0.001197577180759
 241.000000000000000    0.001206697822506
 242.000000000000000    0.001215859940801
 243.000000000000000    0.001225065179534
 244.000000000000000    0.001234315054389
 245.000000000000000    0.001243611196566
 246.000000000000000    0.001252955401073
 247.000000000000000    0.001262349409711
 248.000000000000000    0.001271794959099
 249.000000000000000    0.001281293895170
 250.000000000000000    0.001290848170965
 251.000000000000000    0.001300459666366
 252.000000000000000    0.001310130459426
 253.000000000000000    0.001319862649269
 254.000000000000000    0.001329658285895
 255.000000000000000    0.001339519658376
 256.000000000000000    0.001349449018361
 257.000000000000000    0.001359448718850
 258.000000000000000    0.001369521229304
 259.000000000000000    0.001379669012963
 260.000000000000000    0.001389894664332
 261.000000000000000    0.001400200871603
 262.000000000000000    0.001410590446846
 263.000000000000000    0.001421066192873
 264.000000000000000    0.001431631152088
 265.000000000000000    0.001442288331506
 266.000000000000000    0.001453040934100
 267.000000000000000    0.001463892232147
 268.000000000000000    0.001474845687973
 269.000000000000000    0.001485904851071
 270.000000000000000    0.001497073348348
 271.000000000000000    0.001508355006887
 272.000000000000000    0.001519753797357
 273.000000000000000    0.001531273822023
 274.000000000000000    0.001542919314815
 275.000000000000000    0.001554694757860
 276.000000000000000    0.001566603008310
 277.000000000000000    0.001578652400293
 278.000000000000000    0.001590846144749
 279.000000000000000    0.001603189388748
 280.000000000000000    0.001615687598998
 281.000000000000000    0.001628346456173
 282.000000000000000    0.001641171798159
 283.000000000000000    0.001654169769447
 284.000000000000000    0.001667346787974
 285.000000000000000    0.001680709499745
 286.000000000000000    0.001694264883713
 287.000000000000000    0.001708020235625
 288.000000000000000    0.001721983176153
 289.000000000000000    0.001736161665468
 290.000000000000000    0.001750564038673
 291.000000000000000    0.001765198927744
 292.000000000000000    0.001780075548020
 293.000000000000000    0.001795203417479
 294.000000000000000    0.001810592442136
 295.000000000000000    0.001826253265259
 296.000000000000000    0.001842196798653
 297.000000000000000    0.001858434436917
 298.000000000000000    0.001874978448598
 299.000000000000000    0.001891841387574
 300.000000000000000    0.001909036645193
 301.000000000000000    0.001926578170569
 302.000000000000000    0.001944480431976
 303.000000000000000    0.001962758932538
 304.000000000000000    0.001981429866440
 305.000000000000000    0.002000514990628
 306.000000000000000    0.002020022983692
