   0.000000000000000        13.876089309342099
   1.000000000000000        13.876118600633127
   2.000000000000000        13.876132877572250
   3.000000000000000        13.876081421659975
   4.000000000000000        13.875907518954138
   5.000000000000000        13.875560000633019
   6.000000000000000        13.874988801681997
   7.000000000000000        13.874153209231565
   8.000000000000000        13.873014713304135
   9.000000000000000        13.871547247017089
  10.000000000000000        13.869733506631702
  11.000000000000000        13.867565265478348
  12.000000000000000        13.865042185622459
  13.000000000000000        13.862171414486079
  14.000000000000000        13.858962488267181
  15.000000000000000        13.855432930643536
  16.000000000000000        13.851597810911695
  17.000000000000000        13.847475235044756
  18.000000000000000        13.843083355684980
  19.000000000000000        13.838440077898182
  20.000000000000000        13.833562510033742
  21.000000000000000        13.828467387712633
  22.000000000000000        13.823167612750911
  23.000000000000000        13.817678800192521
  24.000000000000000        13.812012045445485
  25.000000000000000        13.806178681589467
  26.000000000000000        13.800188718427606
  27.000000000000000        13.794050517545539
  28.000000000000000        13.787771553234229
  29.000000000000000        13.781357351552568
  30.000000000000000        13.774814870482114
  31.000000000000000        13.768147203569638
  32.000000000000000        13.761357823511979
  33.000000000000000        13.754450870779374
  34.000000000000000        13.747426119038142
  35.000000000000000        13.740287309116193
  36.000000000000000        13.733034691419626
  37.000000000000000        13.725667481403777
  38.000000000000000        13.718185966169285
  39.000000000000000        13.710591795447222
  40.000000000000000        13.702881364971287
  41.000000000000000        13.695056019332876
  42.000000000000000        13.687112690599719
  43.000000000000000        13.679051548605383
  44.000000000000000        13.670870474519202
  45.000000000000000        13.662568337221900
  46.000000000000000        13.654143252080640
  47.000000000000000        13.645593749122215
  48.000000000000000        13.636918328011799
  49.000000000000000        13.628116118416134
  50.000000000000000        13.619185271219637
  51.000000000000000        13.610123490953717
  52.000000000000000        13.600930873171787
  53.000000000000000        13.591604991588754
  54.000000000000000        13.582146102993224
  55.000000000000000        13.572552170641632
  56.000000000000000        13.562822944144493
  57.000000000000000        13.552957278958642
  58.000000000000000        13.542954248653897
  59.000000000000000        13.532815139690049
  60.000000000000000        13.522537179973707
  61.000000000000000        13.512121880615359
  62.000000000000000        13.501567078470753
  63.000000000000000        13.490874418928003
  64.000000000000000        13.480044438348665
  65.000000000000000        13.469074862547270
  66.000000000000000        13.457967287126445
  67.000000000000000        13.446721418409123
  68.000000000000000        13.435338573065085
  69.000000000000000        13.423818046749746
  70.000000000000000        13.412161078026260
  71.000000000000000        13.400368145066091
  72.000000000000000        13.388438316660654
  73.000000000000000        13.376374068535819
  74.000000000000000        13.364174693103742
  75.000000000000000        13.351841981017513
  76.000000000000000        13.339375069245923
  77.000000000000000        13.326776222302142
  78.000000000000000        13.314044693347686
  79.000000000000000        13.301182312219757
  80.000000000000000        13.288189015012112
  81.000000000000000        13.275066146811049
  82.000000000000000        13.261812739564686
  83.000000000000000        13.248431261850815
  84.000000000000000        13.234922557580475
  85.000000000000000        13.221286127344479
  86.000000000000000        13.207523179888188
  87.000000000000000        13.193633999879482
  88.000000000000000        13.179619723299741
  89.000000000000000        13.165479562652894
  90.000000000000000        13.151215242638662
  91.000000000000000        13.136827263444969
  92.000000000000000        13.122315745137357
  93.000000000000000        13.107681138946390
  94.000000000000000        13.092923283905993
  95.000000000000000        13.078043566297689
  96.000000000000000        13.063041973026268
  97.000000000000000        13.047918023948256
  98.000000000000000        13.032673195178667
  99.000000000000000        13.017306307357735
 100.000000000000000        13.001818569093304
 101.000000000000000        12.986210232385353
 102.000000000000000        12.970480000569685
 103.000000000000000        12.954629471657338
 104.000000000000000        12.938658208837698
 105.000000000000000        12.922565191679894
 106.000000000000000        12.906351448911705
 107.000000000000000        12.890016416511187
 108.000000000000000        12.873560316215702
 109.000000000000000        12.856981845189763
 110.000000000000000        12.840282119899145
 111.000000000000000        12.823460604658036
 112.000000000000000        12.806515978033792
 113.000000000000000        12.789448552692994
 114.000000000000000        12.772257992881123
 115.000000000000000        12.754943280829087
 116.000000000000000        12.737504977476828
 117.000000000000000        12.719941804986982
 118.000000000000000        12.702253469400032
 119.000000000000000        12.684439213687368
 120.000000000000000        12.666498314004857
 121.000000000000000        12.648429887518931
 122.000000000000000        12.630234189502138
 123.000000000000000        12.611909455168444
 124.000000000000000        12.593455561230007
 125.000000000000000        12.574871097637667
 126.000000000000000        12.556156143006731
 127.000000000000000        12.537308683502854
 128.000000000000000        12.518328312866370
 129.000000000000000        12.499214695506254
 130.000000000000000        12.479965608762637
 131.000000000000000        12.460581605706768
 132.000000000000000        12.441060058769065
 133.000000000000000        12.421400380421629
 134.000000000000000        12.401602085885077
 135.000000000000000        12.381663808145667
 136.000000000000000        12.361584802703062
 137.000000000000000        12.341362043539910
 138.000000000000000        12.320996953950107
 139.000000000000000        12.300485973094801
 140.000000000000000        12.279829073431284
 141.000000000000000        12.259025118914792
 142.000000000000000        12.238071725050247
 143.000000000000000        12.216968827044942
 144.000000000000000        12.195714525305869
 145.000000000000000        12.174306872960150
 146.000000000000000        12.152745121173403
 147.000000000000000        12.131027429256532
 148.000000000000000        12.109152879700957
 149.000000000000000        12.087119027534738
 150.000000000000000        12.064925283206485
 151.000000000000000        12.042569816504738
 152.000000000000000        12.020050815709400
 153.000000000000000        11.997367368377976
 154.000000000000000        11.974516603899287
 155.000000000000000        11.951498252584214
 156.000000000000000        11.928309577360078
 157.000000000000000        11.904950012378347
 158.000000000000000        11.881416484462909
 159.000000000000000        11.857708260094988
 160.000000000000000        11.833823488937893
 161.000000000000000        11.809759584338240
 162.000000000000000        11.785515893493301
 163.000000000000000        11.761090326639845
 164.000000000000000        11.736479777883023
 165.000000000000000        11.711684453939089
 166.000000000000000        11.686694955145603
 167.000000000000000        11.661521300982372
 168.000000000000000        11.636156231412510
 169.000000000000000        11.610597803019523
 170.000000000000000        11.584843176984146
 171.000000000000000        11.558891677610744
 172.000000000000000        11.532740388378690
 173.000000000000000        11.506387577001782
 174.000000000000000        11.479831085125788
 175.000000000000000        11.453069081607694
 176.000000000000000        11.426099030438236
 177.000000000000000        11.398918867745428
 178.000000000000000        11.371526595707330
 179.000000000000000        11.343920216948609
 180.000000000000000        11.316096928240407
 181.000000000000000        11.288055004985406
 182.000000000000000        11.259792122968584
 183.000000000000000        11.231305851961363
 184.000000000000000        11.202594231847721
 185.000000000000000        11.173653980453203
 186.000000000000000        11.144484179251974
 187.000000000000000        11.115081293795694
 188.000000000000000        11.085443507659374
 189.000000000000000        11.055568030540265
 190.000000000000000        11.025452722844687
 191.000000000000000        10.995094797668283
 192.000000000000000        10.964491814902962
 193.000000000000000        10.933641842360734
 194.000000000000000        10.902541440029035
 195.000000000000000        10.871188298866326
 196.000000000000000        10.839580378225495
 197.000000000000000        10.807713928025370
 198.000000000000000        10.775586938089589
 199.000000000000000        10.743197007913807
 200.000000000000000        10.710540870666279
 201.000000000000000        10.677615781282334
 202.000000000000000        10.644419253485095
 203.000000000000000        10.610948252165763
 204.000000000000000        10.577199879862386
 205.000000000000000        10.543171289464588
 206.000000000000000        10.508859461238275
 207.000000000000000        10.474261677218495
 208.000000000000000        10.439374597026802
 209.000000000000000        10.404195721522967
 210.000000000000000        10.368721145476339
 211.000000000000000        10.332948550671912
 212.000000000000000        10.296873994959014
 213.000000000000000        10.260495569427601
 214.000000000000000        10.223808809330864
 215.000000000000000        10.186810840607379
 216.000000000000000        10.149498627900511
 217.000000000000000        10.111868287864473
 218.000000000000000        10.073917015797869
 219.000000000000000        10.035640971032128
 220.000000000000000         9.997036503974787
 221.000000000000000         9.958100985983839
 222.000000000000000         9.918830087710571
 223.000000000000000         9.879220289026030
 224.000000000000000         9.839267830515324
 225.000000000000000         9.798969571371384
 226.000000000000000         9.758320967248370
 227.000000000000000         9.717318846543737
 228.000000000000000         9.675958855001010
 229.000000000000000         9.634237317317385
 230.000000000000000         9.592129267117089
 231.000000000000000         9.549671184435926
 232.000000000000000         9.506839946399655
 233.000000000000000         9.463630175467950
 234.000000000000000         9.420038536465780
 235.000000000000000         9.376060242562028
 236.000000000000000         9.331691616795297
 237.000000000000000         9.286927285983850
 238.000000000000000         9.241763381487299
 239.000000000000000         9.196195541031914
 240.000000000000000         9.150218531374421
 241.000000000000000         9.103828112298340
 242.000000000000000         9.057019411577301
 243.000000000000000         9.009787744874293
 244.000000000000000         8.962127690454306
 245.000000000000000         8.914034220820113
 246.000000000000000         8.865502995981959
 247.000000000000000         8.816528633455286
 248.000000000000000         8.767105464919709
 249.000000000000000         8.717228164720328
 250.000000000000000         8.666891366189125
 251.000000000000000         8.616090135894966
 252.000000000000000         8.564817770466009
 253.000000000000000         8.513069253757353
 254.000000000000000         8.460838589172440
 255.000000000000000         8.408119701301453
 256.000000000000000         8.354906469020822
 257.000000000000000         8.301193224123439
 258.000000000000000         8.246973079280242
 259.000000000000000         8.192239910110414
 260.000000000000000         8.136987241681009
 261.000000000000000         8.081208387599906
 262.000000000000000         8.024896060554228
 263.000000000000000         7.968044084175704
 264.000000000000000         7.910645490056144
 265.000000000000000         7.852692502248765
 266.000000000000000         7.794177873878371
 267.000000000000000         7.735094436507439
 268.000000000000000         7.675434312517569
 269.000000000000000         7.615189167504960
 270.000000000000000         7.554351557306951
 271.000000000000000         7.492913731273155
 272.000000000000000         7.430867435105620
 273.000000000000000         7.368202704938933
 274.000000000000000         7.304912901258912
 275.000000000000000         7.240987367419382
 276.000000000000000         7.176366254822689
 277.000000000000000         7.111139267089400
 278.000000000000000         7.045249629808428
 279.000000000000000         6.978687536768176
 280.000000000000000         6.911441525344908
 281.000000000000000         6.843503103236974
 282.000000000000000         6.774860772071528
 283.000000000000000         6.705503715480245
 284.000000000000000         6.635421791594520
 285.000000000000000         6.564603763611689
 286.000000000000000         6.493037017134673
 287.000000000000000         6.420710399002330
 288.000000000000000         6.347611386743095
 289.000000000000000         6.273728072583060
 290.000000000000000         6.199047222960357
 291.000000000000000         6.123556038304582
 292.000000000000000         6.047240781335305
 293.000000000000000         5.970087841369563
 294.000000000000000         5.892083784035651
 295.000000000000000         5.813211213112988
 296.000000000000000         5.733457789695529
 297.000000000000000         5.652807728515784
 298.000000000000000         5.571244229794630
 299.000000000000000         5.488751306665839
 300.000000000000000         5.405312229037854
 301.000000000000000         5.320908814451487
 302.000000000000000         5.235525022892789
 303.000000000000000         5.149141584802162
 304.000000000000000         5.061738925496228
 305.000000000000000         4.973206474212845
 306.000000000000000         4.883699832095305
