   0.000000000000000    0.000000000000000
   1.000000000000000    0.000000000000000
   2.000000000000000    0.000000000000000
   3.000000000000000    0.000000000000000
   4.000000000000000   -0.000000064537400
   5.000000000000000   -0.000003152317216
   6.000000000000000   -0.000003890312382
   7.000000000000000    0.000002364875979
   8.000000000000000    1.242201897840461
   9.000000000000000    1.994978710812590
  10.000000000000000    3.014369719915122
  11.000000000000000    4.311333912078246
  12.000000000000000    5.880046667500061
  13.000000000000000    7.701400923109721
  14.000000000000000    9.747235663491056
  15.000000000000000   11.984340530284024
  16.000000000000000   14.377750541129739
  17.000000000000000   16.893172990132474
  18.000000000000000   19.498622597462948
  19.000000000000000   22.165380378117881
  20.000000000000000   24.868449309073888
  21.000000000000000   27.586657956982744
  22.000000000000000   30.302510406012800
  23.000000000000000   33.001909883003400
  24.000000000000000   35.673816900499581
  25.000000000000000   38.309844834324572
  26.000000000000000   40.903904918040908
  27.000000000000000   43.451839015920115
  28.000000000000000   45.951100503865248
  29.000000000000000   48.400445905913564
  30.000000000000000   50.799709312250243
  31.000000000000000   53.149583197729967
  32.000000000000000   55.451382771249037
  33.000000000000000   57.706959715283631
  34.000000000000000   59.918510719654513
  35.000000000000000   62.088478385097403
  36.000000000000000   64.219513605798497
  37.000000000000000   66.314313488862695
  38.000000000000000   68.375571802518209
  39.000000000000000   70.406020805265712
  40.000000000000000   72.408291685436367
  41.000000000000000   74.384909009286005
  42.000000000000000   76.338292220516607
  43.000000000000000   78.270691760182174
  44.000000000000000   80.184241462308577
  45.000000000000000   82.080893797604830
  46.000000000000000   83.962439098901882
  47.000000000000000   85.830499253545028
  48.000000000000000   87.686527422935598
  49.000000000000000   89.531825250837485
  50.000000000000000   91.367567130741378
  51.000000000000000   93.194722339910356
  52.000000000000000   95.014152686213322
  53.000000000000000   96.826578323814743
  54.000000000000000   98.632601654682176
  55.000000000000000  100.432730569215821
  56.000000000000000  102.227329966529638
  57.000000000000000  104.016710915257377
  58.000000000000000  105.801035550430640
  59.000000000000000  107.580470594143947
  60.000000000000000  109.355079962659971
  61.000000000000000  111.124854026628782
  62.000000000000000  112.889743087049126
  63.000000000000000  114.649602993321963
  64.000000000000000  116.404384545895581
  65.000000000000000  118.153905630722036
  66.000000000000000  119.897944170444944
  67.000000000000000  121.636300611067725
  68.000000000000000  123.368763602820877
  69.000000000000000  125.095100526797594
  70.000000000000000  126.815060696481055
  71.000000000000000  128.528450487269993
  72.000000000000000  130.234985828129936
  73.000000000000000  131.934435977884760
  74.000000000000000  133.626587103241519
  75.000000000000000  135.311223957408373
  76.000000000000000  136.988127165725388
  77.000000000000000  138.657102782564863
  78.000000000000000  140.317972451153594
  79.000000000000000  141.970560009291859
  80.000000000000000  143.614718049472771
  81.000000000000000  145.250325567783307
  82.000000000000000  146.877240812297856
  83.000000000000000  148.495327470256314
  84.000000000000000  150.104546214440745
  85.000000000000000  151.704821295669319
  86.000000000000000  153.296080763282674
  87.000000000000000  154.878284277544367
  88.000000000000000  156.451427196513038
  89.000000000000000  158.015486483278096
  90.000000000000000  159.570451667501430
  91.000000000000000  161.116365675511901
  92.000000000000000  162.653261188652237
  93.000000000000000  164.181185274435649
  94.000000000000000  165.700185166788600
  95.000000000000000  167.210331974517658
  96.000000000000000  168.711725789177734
  97.000000000000000  170.204440692668300
  98.000000000000000  171.688584998920874
  99.000000000000000  173.164270329301758
 100.000000000000000  174.631604507326188
 101.000000000000000  176.090730512250303
 102.000000000000000  177.541771052924219
 103.000000000000000  178.984861669491096
 104.000000000000000  180.420157729861444
 105.000000000000000  181.847801578691758
 106.000000000000000  183.267945575457276
 107.000000000000000  184.680749159733750
 108.000000000000000  186.086374897573819
 109.000000000000000  187.484981468159162
 110.000000000000000  188.876737431028999
 111.000000000000000  190.261808671134162
 112.000000000000000  191.640360555278960
 113.000000000000000  193.012565102250704
 114.000000000000000  194.378588639575895
 115.000000000000000  195.738601366624920
 116.000000000000000  197.092773426528026
 117.000000000000000  198.441269129580007
 118.000000000000000  199.784257084472728
 119.000000000000000  201.121897758199026
 120.000000000000000  202.454353436715849
 121.000000000000000  203.781797790178643
 122.000000000000000  205.104382624635548
 123.000000000000000  206.422261091663103
 124.000000000000000  207.735590713493650
 125.000000000000000  209.044523977098379
 126.000000000000000  210.349209894604144
 127.000000000000000  211.649781988682918
 128.000000000000000  212.946410304982010
 129.000000000000000  214.239204669498406
 130.000000000000000  215.528320698723832
 131.000000000000000  216.813887596541491
 132.000000000000000  218.096004062892121
 133.000000000000000  219.374841914691501
 134.000000000000000  220.650513360024206
 135.000000000000000  221.923135964422784
 136.000000000000000  223.192783878726402
 137.000000000000000  224.459607071497487
 138.000000000000000  225.723717804409318
 139.000000000000000  226.985176622318647
 140.000000000000000  228.244163242886572
 141.000000000000000  229.500696295768051
 142.000000000000000  230.754893210766511
 143.000000000000000  232.006881448355898
 144.000000000000000  233.256680729050970
 145.000000000000000  234.504418875931634
 146.000000000000000  235.750161811497492
 147.000000000000000  236.993993551907039
 148.000000000000000  238.235977104701476
 149.000000000000000  239.476181272871031
 150.000000000000000  240.714701348285359
 151.000000000000000  241.951559742298855
 152.000000000000000  243.186855456519908
 153.000000000000000  244.420603643664748
 154.000000000000000  245.652878030418123
 155.000000000000000  246.883754696889895
 156.000000000000000  248.113268447018015
 157.000000000000000  249.341458504072023
 158.000000000000000  250.568339368573845
 159.000000000000000  251.794031821453416
 160.000000000000000  253.018514634668321
 161.000000000000000  254.241838123606897
 162.000000000000000  255.464084292300612
 163.000000000000000  256.685183472768188
 164.000000000000000  257.905259701846433
 165.000000000000000  259.124028078690912
 166.000000000000000  260.342037113350784
 167.000000000000000  261.559448446464785
 168.000000000000000  262.775627413617656
 169.000000000000000  263.990848084413244
 170.000000000000000  265.205188836459342
 171.000000000000000  266.418691443996124
 172.000000000000000  267.631322223110487
 173.000000000000000  268.843126305748171
 174.000000000000000  270.054116598904727
 175.000000000000000  271.264315063243714
 176.000000000000000  272.473711009122326
 177.000000000000000  273.682355086664813
 178.000000000000000  274.890281726992100
 179.000000000000000  276.097435933958764
 180.000000000000000  277.303861697304740
 181.000000000000000  278.509622641459487
 182.000000000000000  279.714669208021803
 183.000000000000000  280.919033496579686
 184.000000000000000  282.122712133157279
 185.000000000000000  283.325777546108782
 186.000000000000000  284.528195160313032
 187.000000000000000  285.729953082961856
 188.000000000000000  286.931116634629007
 189.000000000000000  288.131664964753099
 190.000000000000000  289.331629956440452
 191.000000000000000  290.531019961507582
 192.000000000000000  291.729883634901284
 193.000000000000000  292.928161436990536
 194.000000000000000  294.125882948306469
 195.000000000000000  295.323162787654439
 196.000000000000000  296.519895398546794
 197.000000000000000  297.716114275440646
 198.000000000000000  298.911956212096698
 199.000000000000000  300.107333100956623
 200.000000000000000  301.302245342047058
 201.000000000000000  302.496790646784802
 202.000000000000000  303.690972734555885
 203.000000000000000  304.884769388428083
 204.000000000000000  306.078255248450887
 205.000000000000000  307.271458430705934
 206.000000000000000  308.464378282099688
 207.000000000000000  309.657052695202481
 208.000000000000000  310.849550531230705
 209.000000000000000  312.041855242679276
 210.000000000000000  313.234012747604197
 211.000000000000000  314.426077373833664
 212.000000000000000  315.618110643606883
 213.000000000000000  316.810137836940214
 214.000000000000000  318.002148809403479
 215.000000000000000  319.194269916111693
 216.000000000000000  320.386532608266293
 217.000000000000000  321.578941843831501
 218.000000000000000  322.771619900492510
 219.000000000000000  323.964570577531561
 220.000000000000000  325.157876413529721
 221.000000000000000  326.351647494732447
 222.000000000000000  327.545895014169105
 223.000000000000000  328.740694433673752
 224.000000000000000  329.936127400034934
 225.000000000000000  331.132288762555788
 226.000000000000000  332.329265377447427
 227.000000000000000  333.527115156961599
 228.000000000000000  334.725958886867772
 229.000000000000000  335.924115943849984
 230.000000000000000  337.125097162720294
 231.000000000000000  338.329227207387248
 232.000000000000000  339.533008458222412
 233.000000000000000  340.738293741374662
 234.000000000000000  341.945253375109303
 235.000000000000000  343.154023914348613
 236.000000000000000  344.364652600724696
 237.000000000000000  345.577339689464395
 238.000000000000000  346.792238438165327
 239.000000000000000  348.009478210364421
 240.000000000000000  349.229313732544313
 241.000000000000000  350.451823818481330
 242.000000000000000  351.677222140928336
 243.000000000000000  352.905686340042621
 244.000000000000000  354.137342138094823
 245.000000000000000  355.372552703717531
 246.000000000000000  356.611555371179520
 247.000000000000000  357.854460637641921
 248.000000000000000  359.101496981446246
 249.000000000000000  360.353021123014173
 250.000000000000000  361.609245768545122
 251.000000000000000  362.870462461520049
 252.000000000000000  364.137057682649640
 253.000000000000000  365.409195688814805
 254.000000000000000  366.687271509376160
 255.000000000000000  367.971698464138399
 256.000000000000000  369.262755562003122
 257.000000000000000  370.560908916024971
 258.000000000000000  371.866522224395680
 259.000000000000000  373.179985201219836
 260.000000000000000  374.501804283481135
 261.000000000000000  375.832494251979199
 262.000000000000000  377.172498663398812
 263.000000000000000  378.522398488637293
 264.000000000000000  379.882741033827017
 265.000000000000000  381.254068220920203
 266.000000000000000  382.637075749355176
 267.000000000000000  384.032447868487338
 268.000000000000000  385.440927790033641
 269.000000000000000  386.863176451505808
 270.000000000000000  388.300001349477725
 271.000000000000000  389.752313603502216
 272.000000000000000  391.220992265148709
 273.000000000000000  392.706933825492797
 274.000000000000000  394.211222057405848
 275.000000000000000  395.732838841629757
 276.000000000000000  397.277145035219291
 277.000000000000000  398.845497629449937
 278.000000000000000  400.434709989345947
 279.000000000000000  402.048432055772651
 280.000000000000000  403.688304998248611
 281.000000000000000  405.355816596923830
 282.000000000000000  407.052630052702455
 283.000000000000000  408.780673798306566
 284.000000000000000  410.541878181191692
 285.000000000000000  412.338354028433400
 286.000000000000000  414.172414605126846
 287.000000000000000  416.046533550965364
 288.000000000000000  417.963333957658563
 289.000000000000000  419.925683926887132
 290.000000000000000  421.936559686504381
 291.000000000000000  423.999375799722770
 292.000000000000000  426.117829299994128
 293.000000000000000  428.295528267741986
 294.000000000000000  430.537015992603415
 295.000000000000000  432.846916582078109
 296.000000000000000  435.229787552868459
 297.000000000000000  437.691531864604997
 298.000000000000000  440.238073676986176
 299.000000000000000  442.875782267601153
 300.000000000000000  445.611989371161712
 301.000000000000000  448.454090583495486
 302.000000000000000  451.410897504910224
 303.000000000000000  454.492275871418428
 304.000000000000000  457.717097301160493
 305.000000000000000  461.080951048560621
 306.000000000000000  464.595033120840242
