   0.000000000000000         1.115742138399393
   1.000000000000000         1.115741463571219
   2.000000000000000         1.115740611552575
   3.000000000000000         1.115739781742200
   4.000000000000000         1.115739006233441
   5.000000000000000         1.115738170731356
   6.000000000000000         1.115737037747434
   7.000000000000000         1.115735231477431
   8.000000000000000         1.115732259762052
   9.000000000000000         1.115727481128772
  10.000000000000000         1.115720121981308
  11.000000000000000         1.115709291735481
  12.000000000000000         1.115694007527769
  13.000000000000000         1.115673220773689
  14.000000000000000         1.115645857335692
  15.000000000000000         1.115610823052906
  16.000000000000000         1.115567056724797
  17.000000000000000         1.115513527548285
  18.000000000000000         1.115449255543104
  19.000000000000000         1.115373320708078
  20.000000000000000         1.115284869554967
  21.000000000000000         1.115183114124667
  22.000000000000000         1.115067344527584
  23.000000000000000         1.114936905198259
  24.000000000000000         1.114791216152887
  25.000000000000000         1.114629753248443
  26.000000000000000         1.114452050944051
  27.000000000000000         1.114257696455585
  28.000000000000000         1.114046326854967
  29.000000000000000         1.113817624557699
  30.000000000000000         1.113571305527806
  31.000000000000000         1.113307130911584
  32.000000000000000         1.113024889871929
  33.000000000000000         1.112724396919960
  34.000000000000000         1.112405502681983
  35.000000000000000         1.112068066778204
  36.000000000000000         1.111711977717495
  37.000000000000000         1.111337143439671
  38.000000000000000         1.110943482750878
  39.000000000000000         1.110530921676026
  40.000000000000000         1.110099414633866
  41.000000000000000         1.109648908938768
  42.000000000000000         1.109179374117991
  43.000000000000000         1.108690776754337
  44.000000000000000         1.108183096329098
  45.000000000000000         1.107656314262125
  46.000000000000000         1.107110419577196
  47.000000000000000         1.106545404124933
  48.000000000000000         1.105961261482617
  49.000000000000000         1.105357988251725
  50.000000000000000         1.104735585642509
  51.000000000000000         1.104094058518904
  52.000000000000000         1.103433406863392
  53.000000000000000         1.102753639315898
  54.000000000000000         1.102054758312901
  55.000000000000000         1.101336775030014
  56.000000000000000         1.100599695009080
  57.000000000000000         1.099843529320762
  58.000000000000000         1.099068288942937
  59.000000000000000         1.098273977372945
  60.000000000000000         1.097460614091595
  61.000000000000000         1.096628204710631
  62.000000000000000         1.095776767762384
  63.000000000000000         1.094906309311545
  64.000000000000000         1.094016840786084
  65.000000000000000         1.093108383884124
  66.000000000000000         1.092180947338278
  67.000000000000000         1.091234548045625
  68.000000000000000         1.090269196042676
  69.000000000000000         1.089284911861032
  70.000000000000000         1.088281708294255
  71.000000000000000         1.087259601436369
  72.000000000000000         1.086218613872099
  73.000000000000000         1.085158756590565
  74.000000000000000         1.084080052190616
  75.000000000000000         1.082982515181905
  76.000000000000000         1.081866170659876
  77.000000000000000         1.080731032564297
  78.000000000000000         1.079577126783861
  79.000000000000000         1.078404470459125
  80.000000000000000         1.077213087444949
  81.000000000000000         1.076002998304401
  82.000000000000000         1.074774231998761
  83.000000000000000         1.073526804903392
  84.000000000000000         1.072260740940679
  85.000000000000000         1.070976068709714
  86.000000000000000         1.069672811269229
  87.000000000000000         1.068350995909194
  88.000000000000000         1.067010646202594
  89.000000000000000         1.065651794371071
  90.000000000000000         1.064274462812319
  91.000000000000000         1.062878679672073
  92.000000000000000         1.061464473814848
  93.000000000000000         1.060031874600041
  94.000000000000000         1.058580912581931
  95.000000000000000         1.057111613397345
  96.000000000000000         1.055624008740589
  97.000000000000000         1.054118130400541
  98.000000000000000         1.052594005188384
  99.000000000000000         1.051051669107465
 100.000000000000000         1.049491149409783
 101.000000000000000         1.047912476713314
 102.000000000000000         1.046315687898968
 103.000000000000000         1.044700808759154
 104.000000000000000         1.043067873706332
 105.000000000000000         1.041416918076301
 106.000000000000000         1.039747970426291
 107.000000000000000         1.038061065069081
 108.000000000000000         1.036356233109204
 109.000000000000000         1.034633511626663
 110.000000000000000         1.032892928439552
 111.000000000000000         1.031134517300294
 112.000000000000000         1.029358315466742
 113.000000000000000         1.027564353029908
 114.000000000000000         1.025752663190818
 115.000000000000000         1.023923280837431
 116.000000000000000         1.022076235725587
 117.000000000000000         1.020211563279094
 118.000000000000000         1.018329296134135
 119.000000000000000         1.016429467358571
 120.000000000000000         1.014512110615214
 121.000000000000000         1.012577259738059
 122.000000000000000         1.010624943414431
 123.000000000000000         1.008655198467139
 124.000000000000000         1.006668055161843
 125.000000000000000         1.004663548166432
 126.000000000000000         1.002641706268382
 127.000000000000000         1.000602565772890
 128.000000000000000         0.998546157489511
 129.000000000000000         0.996472510614056
 130.000000000000000         0.994381661480562
 131.000000000000000         0.992273636257373
 132.000000000000000         0.990148471775581
 133.000000000000000         0.988006197791394
 134.000000000000000         0.985846843436494
 135.000000000000000         0.983670439870401
 136.000000000000000         0.981477016260628
 137.000000000000000         0.979266610253432
 138.000000000000000         0.977039242110061
 139.000000000000000         0.974794950720098
 140.000000000000000         0.972533761159998
 141.000000000000000         0.970255702334262
 142.000000000000000         0.967960807926671
 143.000000000000000         0.965649102229578
 144.000000000000000         0.963320615874068
 145.000000000000000         0.960975380390930
 146.000000000000000         0.958613420998237
 147.000000000000000         0.956234767971123
 148.000000000000000         0.953839447229652
 149.000000000000000         0.951427490527382
 150.000000000000000         0.948998921191892
 151.000000000000000         0.946553768497236
 152.000000000000000         0.944092059914993
 153.000000000000000         0.941613820195470
 154.000000000000000         0.939119081090302
 155.000000000000000         0.936607863410667
 156.000000000000000         0.934080198009192
 157.000000000000000         0.931536106521522
 158.000000000000000         0.928975620031865
 159.000000000000000         0.926398760425315
 160.000000000000000         0.923805553343957
 161.000000000000000         0.921196027394999
 162.000000000000000         0.918570203248867
 163.000000000000000         0.915928106319844
 164.000000000000000         0.913269766563842
 165.000000000000000         0.910595200117653
 166.000000000000000         0.907904460400788
 167.000000000000000         0.905197525057633
 168.000000000000000         0.902474438586283
 169.000000000000000         0.899735224693487
 170.000000000000000         0.896979910064751
 171.000000000000000         0.894208512784353
 172.000000000000000         0.891421059452756
 173.000000000000000         0.888617571313624
 174.000000000000000         0.885798071807889
 175.000000000000000         0.882962582546515
 176.000000000000000         0.880111126742087
 177.000000000000000         0.877243726919693
 178.000000000000000         0.874360404169789
 179.000000000000000         0.871461179408185
 180.000000000000000         0.868546076806381
 181.000000000000000         0.865615115830335
 182.000000000000000         0.862668317796794
 183.000000000000000         0.859705704647984
 184.000000000000000         0.856727296049676
 185.000000000000000         0.853733115989731
 186.000000000000000         0.850723180235551
 187.000000000000000         0.847697513475158
 188.000000000000000         0.844656133507169
 189.000000000000000         0.841599062327203
 190.000000000000000         0.838526318448527
 191.000000000000000         0.835437923107349
 192.000000000000000         0.832333895801959
 193.000000000000000         0.829214253689178
 194.000000000000000         0.826079019373230
 195.000000000000000         0.822928211593481
 196.000000000000000         0.819761846870811
 197.000000000000000         0.816579949298334
 198.000000000000000         0.813382533928222
 199.000000000000000         0.810169619065118
 200.000000000000000         0.806941225726177
 201.000000000000000         0.803697371828065
 202.000000000000000         0.800438074619759
 203.000000000000000         0.797163353338447
 204.000000000000000         0.793873225998211
 205.000000000000000         0.790567710427892
 206.000000000000000         0.787246824981299
 207.000000000000000         0.783910586694571
 208.000000000000000         0.780559013712767
 209.000000000000000         0.777192122661490
 210.000000000000000         0.773809932787290
 211.000000000000000         0.770412459224692
 212.000000000000000         0.766999721510598
 213.000000000000000         0.763571732722254
 214.000000000000000         0.760128513687104
 215.000000000000000         0.756670080136899
 216.000000000000000         0.753196447245299
 217.000000000000000         0.749707633537205
 218.000000000000000         0.746203653652846
 219.000000000000000         0.742684524969173
 220.000000000000000         0.739150264423958
 221.000000000000000         0.735600885043421
 222.000000000000000         0.732036404955182
 223.000000000000000         0.728456839528262
 224.000000000000000         0.724862205089644
 225.000000000000000         0.721252515335508
 226.000000000000000         0.717627787635279
 227.000000000000000         0.713988035358455
 228.000000000000000         0.710333275224694
 229.000000000000000         0.706663521031551
 230.000000000000000         0.702978858822349
 231.000000000000000         0.699279165879423
 232.000000000000000         0.695564521784994
 233.000000000000000         0.691834943666306
 234.000000000000000         0.688090444287138
 235.000000000000000         0.684331038260790
 236.000000000000000         0.680556737683616
 237.000000000000000         0.676767559041348
 238.000000000000000         0.672963514566094
 239.000000000000000         0.669144616769346
 240.000000000000000         0.665310880537791
 241.000000000000000         0.661462317461214
 242.000000000000000         0.657598940794643
 243.000000000000000         0.653720762301341
 244.000000000000000         0.649827796543828
 245.000000000000000         0.645920055441888
 246.000000000000000         0.641997548904789
 247.000000000000000         0.638060288683857
 248.000000000000000         0.634108288132280
 249.000000000000000         0.630141558384706
 250.000000000000000         0.626160110052556
 251.000000000000000         0.622163952378638
 252.000000000000000         0.618153099236555
 253.000000000000000         0.614127557999513
 254.000000000000000         0.610087339939175
 255.000000000000000         0.606032454455199
 256.000000000000000         0.601962911430790
 257.000000000000000         0.597878718755780
 258.000000000000000         0.593779886090169
 259.000000000000000         0.589666421607002
 260.000000000000000         0.585538333118304
 261.000000000000000         0.581395628535665
 262.000000000000000         0.577238315301649
 263.000000000000000         0.573066399823928
 264.000000000000000         0.568879887312557
 265.000000000000000         0.564678785479290
 266.000000000000000         0.560463099788904
 267.000000000000000         0.556232834144589
 268.000000000000000         0.551987993731166
 269.000000000000000         0.547728583443253
 270.000000000000000         0.543454605487410
 271.000000000000000         0.539166062232666
 272.000000000000000         0.534862954607380
 273.000000000000000         0.530545288502743
 274.000000000000000         0.526213059531538
 275.000000000000000         0.521866271970206
 276.000000000000000         0.517505063623657
 277.000000000000000         0.513129161865053
 278.000000000000000         0.508738694604397
 279.000000000000000         0.504333658876134
 280.000000000000000         0.499914054256611
 281.000000000000000         0.495479870915321
 282.000000000000000         0.491031105407886
 283.000000000000000         0.486567750793749
 284.000000000000000         0.482089796062542
 285.000000000000000         0.477597231899013
 286.000000000000000         0.473090049831066
 287.000000000000000         0.468568235261813
 288.000000000000000         0.464031775884515
 289.000000000000000         0.459480654050334
 290.000000000000000         0.454914853849919
 291.000000000000000         0.450334355926655
 292.000000000000000         0.445739139009856
 293.000000000000000         0.441129180092008
 294.000000000000000         0.436504452875978
 295.000000000000000         0.431864934843775
 296.000000000000000         0.427210590527295
 297.000000000000000         0.422541387855546
 298.000000000000000         0.417857293025984
 299.000000000000000         0.413158266975239
 300.000000000000000         0.408444266648375
 301.000000000000000         0.403715248652826
 302.000000000000000         0.398971159843002
 303.000000000000000         0.394211948291917
 304.000000000000000         0.389437556384837
 305.000000000000000         0.384648108206982
 306.000000000000000         0.379843172430518
